########## Node Bluetooth Wifi Zigbee
0 0 1 0
1 1 1 0
2 1 1 0
3 1 1 1  
4 1 1 0
5 1 1 1
6 1 0 0
########## Edge Presence
0 1 1 0 0 0 1 
1 0 0 0 1 1 0
1 0 0 1 1 0 0
0 0 1 0 0 1 1
0 1 1 0 0 1 1
0 1 0 1 1 0 0 
1 0 0 1 1 0 0
######### Distances
0 6 2 15 22 23 4
6 0 25 23 21 16 19
2 25 0 14 6 17 23
15 23 14 0 23 28 3
22 21 6 23 0 3 6
23 16 17 28 3 0 16
4 19 23 3 6 16 0
#########
